avg_reprojection_error: 0.4145029638098656
camera_matrix:
- [458.17193104687135, 0.0, 188.38399618094525]
- [0.0, 431.2361377706148, 370.1793339812843]
- [0.0, 0.0, 1.0]
dist_coeffs:
- [0.16615409690657892, -0.3837783412844371, 0.035310854011420305, 0.010192634218248972,  0.31662727640431393]
image_height: 640
image_width: 480
