avg_reprojection_error: 13.833560677967348
camera_matrix:
  - [151.5276186638166, 0.0, 389.90653957637096]
  - [0.0, 126.1727041985719, 166.5709306737964]
  - [0.0, 0.0, 1.0]
dist_coeffs:
  - [-0.027324494422349882, 7.002733191720372e-05, 0.016206781231715792, -0.009115021244966912,
    -1.9869994307498528e-05]
image_height: 640
image_width: 480
